funcid,dim,milestone,error
20,10,1,3.605489e+02
20,10,2,3.472996e+02
20,10,3,3.467176e+02
20,10,5,3.466390e+02
20,10,10,3.445413e+02
20,10,20,3.408793e+02
20,10,30,3.406197e+02
20,10,40,3.405557e+02
20,10,50,3.403981e+02
20,10,60,3.401371e+02
20,10,70,3.401081e+02
20,10,80,3.399995e+02
20,10,90,3.399003e+02
20,10,100,3.398973e+02
20,10,1,3.605489e+02
20,10,2,3.472996e+02
20,10,3,3.467176e+02
20,10,5,3.466390e+02
20,10,10,3.445413e+02
20,10,20,3.408793e+02
20,10,30,3.406197e+02
20,10,40,3.405557e+02
20,10,50,3.403981e+02
20,10,60,3.401371e+02
20,10,70,3.401081e+02
20,10,80,3.399995e+02
20,10,90,3.399003e+02
20,10,100,3.398973e+02
20,10,1,3.605489e+02
20,10,2,3.472996e+02
20,10,3,3.467176e+02
20,10,5,3.466390e+02
20,10,10,3.445413e+02
20,10,20,3.408793e+02
20,10,30,3.406197e+02
20,10,40,3.405557e+02
20,10,50,3.403981e+02
20,10,60,3.401371e+02
20,10,70,3.401081e+02
20,10,80,3.399995e+02
20,10,90,3.399003e+02
20,10,100,3.398973e+02
20,10,1,3.605489e+02
20,10,2,3.472996e+02
20,10,3,3.467176e+02
20,10,5,3.466390e+02
20,10,10,3.445413e+02
20,10,20,3.408793e+02
20,10,1,3.605489e+02
20,10,2,3.472996e+02
20,10,3,3.467176e+02
20,10,5,3.466390e+02
20,10,10,3.445413e+02
20,10,20,3.408793e+02
20,10,1,3.605489e+02
20,10,2,3.472996e+02
20,10,3,3.467176e+02
20,10,5,3.466390e+02
20,10,10,3.445413e+02
20,10,20,3.408793e+02
20,10,1,3.605489e+02
20,10,2,3.472996e+02
20,10,3,3.467176e+02
20,10,5,3.466390e+02
20,10,10,3.445413e+02
20,10,20,3.408793e+02
20,10,1,3.605489e+02
20,10,2,3.472996e+02
20,10,3,3.467176e+02
20,10,5,3.466390e+02
20,10,10,3.445413e+02
20,10,20,3.408793e+02
20,10,1,3.605489e+02
20,10,2,3.472996e+02
20,10,3,3.467176e+02
20,10,5,3.466390e+02
20,10,10,3.445413e+02
20,10,20,3.408793e+02
20,10,1,3.605489e+02
20,10,2,3.472996e+02
20,10,3,3.467176e+02
20,10,5,3.466390e+02
20,10,10,3.445413e+02
20,10,20,3.408793e+02
20,10,1,3.605489e+02
20,10,2,3.472996e+02
20,10,3,3.467176e+02
20,10,5,3.466390e+02
20,10,10,3.445413e+02
20,10,20,3.408793e+02
20,10,1,2.248808e+02
20,10,2,2.231520e+02
20,10,3,2.231050e+02
20,10,5,2.227623e+02
20,10,1,2.248808e+02
20,10,2,2.231520e+02
20,10,3,2.231050e+02
20,10,5,2.227623e+02
20,10,1,2.318040e+02
20,10,2,2.255765e+02
20,10,3,2.255275e+02
20,10,5,2.237057e+02
20,10,1,2.225063e+02
20,10,2,2.213652e+02
20,10,3,2.194838e+02
20,10,5,2.194476e+02
20,10,1,2.329787e+02
20,10,2,2.327387e+02
20,10,3,2.275903e+02
20,10,5,2.233379e+02
20,10,1,2.248808e+02
20,10,2,2.231520e+02
20,10,3,2.231050e+02
20,10,5,2.227623e+02
20,10,1,2.248808e+02
20,10,2,2.231520e+02
20,10,3,2.231050e+02
20,10,5,2.227623e+02
20,10,10,2.223363e+02
20,10,1,2.248808e+02
20,10,2,2.231520e+02
20,10,3,2.231050e+02
20,10,5,2.227623e+02
20,10,10,2.223363e+02
20,10,1,2.248808e+02
20,10,2,2.231520e+02
20,10,3,2.231050e+02
20,10,1,2.248808e+02
20,10,2,2.247850e+02
20,10,3,2.247850e+02
20,10,1,2.248808e+02
20,10,2,2.247850e+02
20,10,3,2.247850e+02
20,10,1,2.413902e+02
20,10,2,2.406909e+02
20,10,3,2.406909e+02
20,10,1,2.260923e+02
20,10,2,2.250308e+02
20,10,3,2.237481e+02
20,10,1,2.248808e+02
20,10,2,2.247850e+02
20,10,3,2.247850e+02
20,10,5,2.224093e+02
20,10,10,2.166227e+02
20,10,20,2.157758e+02
20,10,30,2.146229e+02
20,10,40,2.142717e+02
20,10,50,2.141623e+02
20,10,60,2.141184e+02
20,10,70,2.140335e+02
20,10,80,2.139354e+02
20,10,90,2.138443e+02
20,10,100,2.137487e+02
20,10,1,2.248808e+02
20,10,2,2.247850e+02
20,10,3,2.247850e+02
20,10,5,2.224093e+02
20,10,10,2.166227e+02
20,10,20,2.157758e+02
20,10,30,2.146229e+02
20,10,40,2.142717e+02
20,10,50,2.141623e+02
20,10,60,2.141184e+02
20,10,70,2.140335e+02
20,10,80,2.139354e+02
20,10,90,2.138443e+02
20,10,100,2.137487e+02
20,10,1,2.297348e+02
20,10,2,2.294141e+02
20,10,3,2.294141e+02
20,10,5,2.257157e+02
20,10,10,2.217933e+02
20,10,20,2.201478e+02
20,10,30,2.193671e+02
20,10,40,2.190201e+02
20,10,50,2.186650e+02
20,10,60,2.185254e+02
20,10,70,2.179222e+02
20,10,80,2.177817e+02
20,10,90,2.172964e+02
20,10,100,2.171652e+02
20,10,1,2.297348e+02
20,10,2,2.294141e+02
20,10,3,2.294141e+02
20,10,5,2.257157e+02
20,10,10,2.217933e+02
20,10,20,2.201478e+02
20,10,30,2.193671e+02
20,10,40,2.190201e+02
20,10,50,2.186650e+02
20,10,60,2.185254e+02
20,10,70,2.179222e+02
20,10,80,2.177817e+02
20,10,90,2.172964e+02
20,10,100,2.171652e+02
20,10,1,2.245832e+02
20,10,2,2.244708e+02
20,10,3,2.244708e+02
20,10,5,2.232072e+02
20,10,10,2.222640e+02
20,10,20,2.215032e+02
20,10,30,2.207803e+02
20,10,40,2.202380e+02
20,10,50,2.200803e+02
20,10,60,2.199097e+02
20,10,70,2.194829e+02
20,10,80,2.194067e+02
20,10,90,2.191504e+02
20,10,100,2.190239e+02
20,10,1,2.245832e+02
20,10,2,2.244708e+02
20,10,3,2.244708e+02
20,10,5,2.243948e+02
20,10,10,2.216230e+02
20,10,20,2.210483e+02
20,10,30,2.205541e+02
20,10,40,2.197222e+02
20,10,50,2.192335e+02
20,10,60,2.189290e+02
20,10,70,2.185783e+02
20,10,80,2.184921e+02
20,10,90,2.182349e+02
20,10,100,2.181361e+02
20,10,1,2.245832e+02
20,10,2,2.244708e+02
20,10,3,2.244708e+02
20,10,5,2.243948e+02
20,10,10,2.243885e+02
20,10,20,2.233918e+02
20,10,30,2.223171e+02
20,10,40,2.223056e+02
20,10,50,2.222286e+02
20,10,60,2.219658e+02
20,10,70,2.219657e+02
20,10,80,2.219524e+02
20,10,90,2.218788e+02
20,10,100,2.218732e+02
20,10,1,2.245832e+02
20,10,2,2.244708e+02
20,10,3,2.244708e+02
20,10,5,2.243948e+02
20,10,10,2.243936e+02
20,10,20,2.227983e+02
20,10,30,2.225903e+02
20,10,40,2.224889e+02
20,10,50,2.220677e+02
20,10,60,2.220654e+02
20,10,70,2.220545e+02
20,10,80,2.218901e+02
20,10,90,2.215322e+02
20,10,100,2.215314e+02
20,10,1,2.245832e+02
20,10,2,2.244708e+02
20,10,3,2.244708e+02
20,10,5,2.243948e+02
20,10,10,2.243936e+02
20,10,20,2.227983e+02
20,10,30,2.225903e+02
20,10,40,2.224889e+02
20,10,50,2.220677e+02
20,10,60,2.220654e+02
20,10,70,2.220545e+02
20,10,80,2.218901e+02
20,10,90,2.215322e+02
20,10,100,2.215314e+02
20,10,1,2.245832e+02
20,10,2,2.244708e+02
20,10,3,2.244708e+02
20,10,5,2.243948e+02
20,10,10,2.243936e+02
20,10,20,2.227983e+02
20,10,30,2.225903e+02
20,10,40,2.224889e+02
20,10,50,2.220677e+02
20,10,60,2.220654e+02
20,10,70,2.220545e+02
20,10,80,2.218901e+02
20,10,90,2.215322e+02
20,10,100,2.215314e+02
20,10,1,2.245832e+02
20,10,2,2.244708e+02
20,10,3,2.244708e+02
20,10,5,2.243948e+02
20,10,10,2.243936e+02
20,10,20,2.227983e+02
20,10,30,2.225903e+02
20,10,40,2.224889e+02
20,10,50,2.220677e+02
20,10,60,2.220654e+02
20,10,70,2.214616e+02
20,10,80,2.208165e+02
20,10,90,2.206323e+02
20,10,100,2.205086e+02
20,10,1,2.297348e+02
20,10,2,2.294141e+02
20,10,3,2.294141e+02
20,10,5,2.292646e+02
20,10,10,2.285547e+02
20,10,20,2.249737e+02
20,10,30,2.237703e+02
20,10,40,2.235118e+02
20,10,50,2.232788e+02
20,10,60,2.231276e+02
20,10,70,2.230808e+02
20,10,80,2.222984e+02
20,10,90,2.206376e+02
20,10,100,2.200913e+02
20,10,1,2.302924e+02
20,10,2,2.302924e+02
20,10,3,2.302299e+02
20,10,5,2.292139e+02
20,10,10,2.282170e+02
20,10,20,2.276406e+02
20,10,30,2.233634e+02
20,10,40,2.217969e+02
20,10,50,2.217275e+02
20,10,60,2.216002e+02
20,10,70,2.215985e+02
20,10,80,2.211217e+02
20,10,90,2.205450e+02
20,10,100,2.203598e+02
