funcid,dim,milestone,error
25,10,1,8.477459e+02
25,10,2,5.778494e+02
25,10,3,4.846615e+02
25,10,5,4.307493e+02
25,10,1,8.477459e+02
25,10,2,5.778494e+02
25,10,3,4.846615e+02
25,10,5,4.307493e+02
25,10,1,8.477459e+02
25,10,2,5.778494e+02
25,10,3,4.846615e+02
25,10,5,4.307493e+02
25,10,1,8.477459e+02
25,10,2,5.778494e+02
25,10,3,4.846615e+02
25,10,5,4.307493e+02
25,10,1,8.477459e+02
25,10,2,5.778494e+02
25,10,3,4.846615e+02
25,10,5,4.307493e+02
25,10,1,8.477459e+02
25,10,2,5.778494e+02
25,10,3,4.846615e+02
25,10,5,4.307493e+02
25,10,1,8.477459e+02
25,10,2,5.778494e+02
25,10,3,4.846615e+02
25,10,5,4.307493e+02
25,10,1,8.477459e+02
25,10,2,5.778494e+02
25,10,3,4.846615e+02
25,10,5,4.307493e+02
25,10,1,8.477459e+02
25,10,2,5.778494e+02
25,10,3,4.846615e+02
25,10,5,4.307493e+02
25,10,1,8.477459e+02
25,10,2,5.778494e+02
25,10,3,4.846615e+02
25,10,5,4.307493e+02
